500 500
1000
311 117 311 74
174 72 148 98
274 254 274 219
467 133 437 148
355 498 362 466
284 296 279 324
246 416 240 443
281 231 281 258
493 33 481 9
480 58 491 82
70 67 64 43
401 112 423 123
287 285 277 263
180 350 190 328
273 276 279 253
270 246 270 223
192 425 172 414
485 209 471 227
294 266 274 276
449 58 440 78
128 52 107 52
129 50 134 70
171 406 162 388
232 335 223 353
117 371 135 380
286 103 306 103
455 233 437 225
301 460 296 441
336 179 327 196
254 294 271 285
311 169 299 184
196 235 196 254
489 61 497 78
488 144 470 149
377 268 366 253
267 437 271 419
168 452 172 434
194 432 178 440
463 225 447 217
334 132 326 116
231 262 223 278
484 212 498 201
281 218 264 223
353 252 348 235
460 486 445 494
233 231 248 223
438 214 421 214
157 346 142 338
454 166 462 151
293 133 310 133
194 437 209 430
236 484 243 499
327 234 320 219
492 223 499 208
215 362 231 366
283 321 267 317
203 417 193 430
53 8 63 21
145 136 159 128
152 286 166 294
212 351 196 351
234 239 234 255
204 359 218 366
256 254 270 247
219 278 226 292
218 448 204 455
485 226 478 240
376 15 390 22
191 472 177 479
175 327 189 334
57 28 46 17
196 361 181 365
195 267 191 252
390 60 405 57
392 28 395 43
360 455 366 469
485 480 485 495
348 33 357 45
318 167 318 182
293 126 308 126
150 347 135 347
131 394 145 389
243 300 250 287
148 368 135 375
176 351 183 338
164 168 157 181
180 318 187 331
404 204 417 197
215 342 208 355
237 436 230 449
196 359 209 366
305 282 292 289
337 76 341 62
118 383 114 369
470 480 467 494
401 246 415 243
380 424 377 438
180 317 174 304
220 407 226 394
207 381 201 394
48 66 61 72
239 273 253 270
449 491 460 482
471 77 481 87
160 337 170 347
284 240 294 250
114 351 114 337
45 92 59 92
397 240 397 254
238 235 238 249
228 485 221 473
128 105 132 118
426 141 422 154
406 191 417 183
473 480 469 493
402 223 414 217
216 229 228 235
152 103 164 109
352 23 346 11
161 337 149 331
197 347 185 353
448 279 454 267
339 258 351 252
157 291 145 297
403 280 397 268
219 84 207 90
302 262 296 274
225 96 231 84
359 241 362 254
301 456 304 469
435 256 447 261
275 132 287 137
257 184 270 184
49 18 61 23
350 116 355 104
430 494 430 481
314 238 314 225
317 105 317 92
411 131 421 139
265 444 255 436
253 329 263 321
179 64 171 74
227 421 219 411
117 349 113 361
223 283 219 271
115 86 126 80
397 60 408 66
200 46 206 35
127 378 121 367
317 244 323 233
165 313 154 319
381 134 393 137
238 381 226 378
314 222 311 210
409 226 412 238
428 486 416 483
18 79 28 72
115 47 127 49
220 329 215 340
469 181 464 192
197 228 192 239
476 80 481 91
151 356 156 367
252 464 241 469
239 26 250 21
381 261 386 272
137 371 142 360
327 222 322 211
168 312 173 301
292 330 281 335
441 157 433 166
217 17 217 29
109 37 121 37
270 299 270 287
238 380 244 390
198 271 192 281
251 170 261 164
488 137 498 131
154 366 147 375
200 239 209 232
250 437 259 430
248 294 255 303
308 220 297 217
203 370 206 381
238 217 227 220
242 293 249 302
179 420 182 431
175 463 168 454
254 373 251 384
165 363 174 370
142 414 149 405
156 302 159 291
435 145 443 153
285 224 293 216
334 202 332 191
118 343 128 338
272 275 262 270
158 358 168 363
103 54 93 49
91 120 81 125
456 140 461 150
492 86 487 96
403 266 398 256
303 127 308 117
147 103 137 108
376 128 376 139
153 363 142 363
269 448 269 437
136 113 136 102
311 173 315 163
279 23 289 27
161 407 165 397
281 338 291 334
174 329 170 319
410 79 406 89
203 226 213 222
183 445 193 441
251 168 241 172
160 297 168 304
456 296 463 304
413 287 421 294
144 127 137 135
288 38 298 41
418 12 408 15
443 495 446 485
206 27 201 18
153 376 144 381
346 204 341 213
386 160 377 165
417 111 422 102
344 27 349 36
268 221 259 216
125 357 120 366
257 401 262 392
230 295 225 304
461 259 463 249
308 274 306 284
480 5 478 15
162 305 152 307
132 355 134 345
469 239 459 237
416 183 414 173
95 59 105 57
132 402 140 408
207 222 207 212
202 461 210 455
331 278 321 278
329 115 329 105
491 49 481 49
480 217 488 223
102 52 96 44
224 359 232 353
192 356 184 362
258 231 266 237
355 87 355 77
463 147 471 153
251 336 245 328
282 235 282 225
249 197 256 190
266 286 257 282
139 336 135 345
416 41 420 32
185 409 181 400
231 92 240 88
299 252 308 256
354 261 358 270
240 385 236 394
251 350 247 359
412 153 421 150
219 210 228 213
131 48 139 53
456 91 464 86
211 170 219 175
166 295 171 303
290 239 298 234
274 266 266 271
153 362 145 357
197 470 202 462
91 58 83 63
224 383 219 375
201 447 209 452
233 481 238 473
493 127 488 135
440 281 433 275
161 357 170 359
254 4 263 2
468 76 477 74
291 290 285 297
147 120 147 111
374 78 374 69
283 339 292 339
400 132 392 136
439 482 431 486
469 138 473 146
184 346 192 342
243 328 239 336
198 463 194 471
405 281 413 285
120 134 124 126
221 326 225 318
166 212 174 208
477 139 469 135
242 299 234 303
140 83 148 87
245 10 253 14
448 343 456 347
145 391 153 387
319 208 315 216
247 3 255 7
368 64 372 72
202 46 198 54
299 2 303 10
129 355 133 347
237 249 245 253
185 110 181 118
236 399 240 391
398 276 390 272
132 338 127 345
253 306 260 301
453 265 460 260
414 112 419 105
327 144 320 139
306 264 313 269
266 188 258 191
177 437 174 445
232 332 224 335
159 409 151 412
256 263 253 255
166 180 163 172
468 57 460 60
88 44 96 41
168 217 171 225
375 250 378 242
407 237 404 245
269 235 263 241
348 32 354 26
247 425 253 419
145 32 151 38
352 121 354 129
231 232 235 239
138 318 142 325
199 346 206 342
303 193 296 189
423 487 427 494
337 54 333 47
216 392 215 384
491 137 495 144
342 249 338 256
238 157 231 153
492 114 499 118
72 128 65 132
243 371 239 378
93 56 86 60
311 90 318 94
243 348 247 355
335 64 342 60
233 441 237 434
299 250 303 243
323 200 330 196
249 187 256 183
361 71 365 64
174 405 170 412
183 291 179 284
261 480 254 476
206 108 207 116
298 465 306 465
438 137 430 137
442 441 442 433
285 222 277 222
215 110 209 115
368 212 374 217
214 323 209 329
138 146 132 141
218 362 224 357
448 63 454 58
133 137 139 142
230 185 224 190
413 249 418 255
137 42 131 37
199 441 205 436
174 67 180 72
473 119 478 125
295 217 301 222
167 345 162 351
410 296 416 301
398 263 391 266
202 369 195 372
406 186 409 193
285 260 288 267
97 343 104 340
252 4 245 1
146 47 139 50
402 184 405 191
200 414 207 411
350 64 353 71
292 272 289 279
374 267 377 260
408 282 415 285
214 201 217 208
399 223 406 220
183 428 180 421
297 268 290 271
411 166 408 159
452 141 455 148
302 191 305 184
215 436 212 443
250 430 257 433
397 45 404 47
265 417 267 410
373 223 380 225
30 103 37 101
492 289 494 296
357 17 359 24
193 450 191 457
409 8 411 1
231 120 233 127
390 408 386 414
225 257 231 261
208 370 214 374
362 57 366 63
472 227 468 233
412 5 418 1
262 319 268 315
247 296 251 302
345 262 349 256
106 38 102 32
459 179 464 184
213 2 208 7
296 181 301 176
412 485 417 480
449 273 444 278
479 120 474 115
115 397 122 396
258 335 263 330
57 89 50 90
168 228 173 233
181 40 176 45
133 48 138 43
30 101 25 96
182 199 181 192
483 278 476 278
262 476 262 483
240 138 247 138
54 120 54 127
421 256 428 256
445 216 442 222
177 379 180 385
186 461 180 464
258 237 255 231
455 304 458 310
493 50 499 53
358 139 352 136
210 240 204 237
302 255 296 252
221 19 218 25
402 188 399 194
230 148 227 154
367 134 364 128
289 280 295 283
228 450 231 456
155 165 158 171
206 399 200 396
46 79 40 76
217 399 220 405
480 482 483 488
240 345 234 348
186 399 189 405
215 252 209 255
139 116 136 122
334 153 331 147
187 199 192 203
241 114 245 119
214 340 210 345
339 26 344 30
274 218 269 214
166 82 171 86
408 165 404 160
205 359 210 355
185 430 190 426
202 366 206 371
266 452 271 448
220 304 216 309
435 213 439 208
216 210 221 206
244 342 249 338
420 96 424 101
478 54 474 49
357 235 352 231
448 341 453 345
149 103 151 97
305 356 311 358
116 393 114 399
134 147 140 149
199 348 205 346
415 217 421 215
208 4 206 10
171 265 169 259
165 111 163 117
456 220 462 219
128 7 129 1
297 141 303 142
282 106 276 107
165 295 159 296
394 193 393 199
211 82 217 83
88 49 82 49
443 142 443 136
359 494 359 488
427 270 421 270
383 105 380 110
50 1 55 4
200 339 205 336
213 245 216 250
227 462 222 465
215 13 210 16
342 195 339 190
189 368 194 371
163 139 158 136
486 6 489 11
455 492 460 495
220 333 223 338
250 355 255 358
492 32 489 37
288 246 283 249
252 371 255 366
397 292 392 295
350 10 347 5
254 187 259 190
193 434 198 431
416 195 421 198
487 346 482 349
231 477 234 472
237 470 242 467
59 283 56 278
52 7 47 4
427 198 424 193
291 29 295 25
370 257 374 253
208 274 204 270
213 275 217 279
462 349 458 345
470 131 474 135
80 41 76 37
411 222 415 226
235 158 231 154
488 77 484 81
227 83 223 87
158 336 162 340
238 344 234 340
464 486 459 484
280 274 282 279
162 214 160 209
80 51 75 49
382 431 380 436
207 281 209 276
265 314 270 312
302 454 300 449
441 489 439 494
211 453 216 455
243 26 245 31
430 200 428 205
387 161 382 163
415 173 417 178
235 252 240 254
478 141 476 146
189 50 194 52
248 466 250 471
433 175 428 173
223 106 221 111
468 192 470 197
242 219 247 221
218 266 216 261
108 80 113 82
354 219 359 220
139 3 134 4
294 281 295 276
291 255 290 260
305 394 304 399
266 436 271 435
290 15 295 14
151 302 150 297
170 2 165 1
473 265 472 270
379 187 383 190
243 129 240 133
262 404 258 407
149 418 146 422
432 317 429 321
222 413 226 410
63 12 59 9
182 119 185 115
445 274 449 271
437 139 442 139
486 69 481 69
261 309 265 312
414 254 417 258
186 357 183 361
80 125 76 128
484 16 481 20
434 257 429 257
153 390 149 393
433 483 437 480
333 194 336 190
395 16 390 16
461 172 463 168
432 11 436 9
490 5 494 7
290 28 292 24
55 98 51 100
321 167 325 165
271 320 267 322
189 14 187 10
228 416 230 420
171 405 173 401
243 303 241 307
239 360 235 362
156 295 152 297
93 70 91 74
447 283 445 279
329 187 331 183
141 142 145 140
90 79 92 75
285 124 287 120
209 290 207 294
155 137 157 133
215 8 213 4
163 250 167 248
462 153 466 155
477 242 479 246
58 26 62 24
248 15 250 19
141 3 145 5
488 24 484 22
98 386 102 384
115 346 119 344
479 233 477 229
453 294 455 298
251 257 253 253
131 349 129 345
60 77 56 75
164 396 160 398
234 495 232 491
236 480 239 483
164 195 161 198
81 56 84 59
196 269 193 266
372 114 369 117
371 73 368 76
105 345 102 342
433 143 436 140
210 354 213 357
185 49 182 46
197 41 200 44
429 329 432 332
256 303 259 300
141 4 138 7
158 408 154 407
211 292 215 291
250 283 249 279
303 251 307 252
246 381 245 385
478 261 479 265
323 275 319 276
174 211 175 215
268 455 269 451
247 135 248 131
238 290 242 289
137 330 138 334
197 288 198 284
155 5 159 4
441 144 440 140
178 49 178 53
176 476 176 472
152 314 152 310
359 232 359 236
193 43 193 47
442 216 440 219
55 14 53 11
300 44 303 42
286 329 283 327
149 369 146 371
162 105 165 107
225 115 227 118
375 414 372 416
354 84 352 87
331 76 329 79
245 490 242 492
165 85 168 87
391 424 393 421
284 329 281 331
165 9 167 12
148 337 145 339
293 130 290 132
82 55 79 53
354 25 352 22
264 440 267 442
466 139 464 142
284 232 286 235
259 319 262 321
423 105 421 108
447 432 445 435
359 256 356 254
441 274 444 276
444 437 446 440
491 193 494 191
166 219 168 222
286 37 283 39
475 7 473 10
165 220 167 223
481 80 478 78
424 314 426 317
441 79 443 76
363 450 360 452
352 238 355 236
312 202 315 204
276 219 279 217
255 8 258 6
362 475 365 473
177 452 180 454
311 166 314 164
249 426 252 424
435 284 438 282
262 300 265 298
267 418 269 421
171 426 173 423
109 346 108 343
467 486 464 487
478 254 479 257
196 218 199 219
195 43 196 46
482 138 479 139
244 312 247 313
434 315 431 316
475 113 478 112
172 264 173 261
390 264 389 261
146 342 145 345
329 209 332 208
347 188 350 187
197 274 198 277
138 294 137 297
292 110 289 111
132 114 133 111
455 169 456 166
110 366 113 367
438 351 439 348
203 114 204 111
467 177 470 176
232 91 232 88
150 87 150 90
459 92 459 95
89 75 89 78
250 474 248 472
163 68 161 66
268 266 270 264
190 435 192 437
245 244 243 246
179 476 177 478
282 34 280 32
136 55 134 57
432 203 434 201
357 106 359 104
266 422 264 424
416 303 418 305
411 205 409 207
167 412 169 414
285 331 283 329
180 307 182 305
118 380 120 382
260 304 262 306
377 223 375 221
174 74 172 76
283 362 285 364
241 220 239 222
308 174 310 176
191 426 193 428
372 117 370 118
401 247 399 246
457 152 455 153
76 54 78 55
479 275 480 277
181 68 183 67
125 367 124 365
222 35 223 37
320 13 322 12
473 59 475 60
277 268 276 270
333 42 335 41
95 46 93 47
174 299 173 297
165 386 167 387
356 27 358 26
274 259 275 257
398 35 397 33
51 30 49 31
105 347 104 349
286 141 287 143
150 333 148 334
64 53 66 52
150 108 148 107
162 220 160 219
147 38 146 40
369 255 368 257
211 174 209 175
232 318 230 319
449 236 448 238
211 387 210 385
353 30 355 29
61 33 60 35
429 101 431 100
492 301 491 303
323 242 325 241
306 247 305 249
184 17 184 19
438 152 440 152
182 341 182 343
40 14 40 16
216 342 216 340
171 378 173 378
317 254 315 254
204 214 205 215
189 356 190 355
489 300 488 301
258 177 259 176
417 199 418 198
163 86 164 87
82 94 83 93
228 403 229 402
427 307 428 308
221 419 220 420
237 396 236 397
357 224 358 225
432 200 431 201
55 101 56 100
324 133 323 132
230 83 231 82
464 482 463 481
327 206 328 205
260 487 261 486
332 41 333 40
383 278 382 279
385 104 384 105
108 51 109 50
186 464 187 465
195 22 194 23
161 194 160 193
272 310 271 311
403 94 402 95
372 249 373 248
358 221 359 222
16 79 15 80
481 2 482 1
192 200 193 201
254 309 255 310
199 232 198 233
486 342 487 343
148 372 147 373
221 214 222 215
132 148 133 147
310 126 311 125
152 381 151 380
190 186 191 185
380 227 381 226
462 412 463 413
395 261 396 262
205 15 206 16
125 193 126 192
173 343 174 342
115 54 114 55
284 121 285 120
296 250 297 249
340 84 339 85
311 266 312 265
301 140 302 141
491 7 492 8
165 311 166 312
296 215 297 214
297 197 296 198
173 87 172 88
189 21 188 22
186 197 185 198
174 411 175 410
141 313 142 312
483 6 482 7
375 153 374 154
432 481 432 480
261 186 260 186
314 217 314 216
462 414 462 415
306 353 305 353
280 303 281 303
427 161 427 160
407 119 408 119
177 55 178 55
297 261 297 260
376 220 377 220
483 129 484 129
176 335 176 336
384 220 384 221
140 151 141 151
204 1 205 1
229 256 229 255
190 17 191 17
396 259 396 258
366 59 366 60
451 233 450 233
494 480 495 480
120 395 120 394
172 445 171 445
162 117 162 118
462 484 463 484
28 96 29 96
335 138 335 139
339 63 339 64
408 249 407 249
480 341 480 342
406 189 406 190
331 48 331 47
199 206 199 205
81 49 81 49
354 269 354 269
322 227 322 227
447 296 447 296
169 321 169 321
374 414 374 414
381 60 381 60
300 468 300 468
148 412 148 412
227 396 227 396
204 105 204 105
450 229 450 229
416 178 416 178
331 83 331 83
345 200 345 200
111 57 111 57
167 138 167 138
212 204 212 204
412 79 412 79
232 195 232 195
52 31 52 31
423 252 423 252
397 148 397 148
65 159 65 159
257 287 257 287
282 365 282 365
288 9 288 9
268 284 268 284
56 276 56 276
397 131 397 131
188 407 188 407
157 319 157 319
443 301 443 301
490 189 490 189
380 240 380 240
201 283 201 283
145 42 145 42
189 253 189 253
410 186 410 186
362 60 362 60
96 85 96 85
255 241 255 241
360 473 360 473
243 176 243 176
373 166 373 166
401 131 401 131
359 238 359 238
326 248 326 248
248 488 248 488
61 65 61 65
179 295 179 295
167 337 167 337
22 85 22 85
283 126 283 126
273 23 273 23
167 290 167 290
246 254 246 254
311 396 311 396
283 211 283 211
192 4 192 4
98 34 98 34
367 50 367 50
317 88 317 88
174 217 174 217
133 359 133 359
135 35 135 35
419 145 419 145
133 140 133 140
326 32 326 32
389 212 389 212
136 316 136 316
351 263 351 263
153 365 153 365
404 207 404 207
44 79 44 79
419 257 419 257
417 169 417 169
396 28 396 28
247 26 247 26
138 99 138 99
143 82 143 82
